#
# Engine name: 15kN Ethalox
# Tue 6. Oct 10:01:18 2020
#
# Lc= 189.42695 mm	 Rc=  65.76221 mm
# R1=  37.28367 mm	 R2= 134.02304 mm
# bc=  30.00000   	 Rt=  24.85578 mm
# Le= 169.91768 mm	 Re=  69.98170 mm
# Rn=   9.49491 mm
# c1=  22.97051   	 c2=   8.00000   
#
#--------------------------
#     x, mm	      r, mm
#--------------------------
    0.00000	   65.76221
    0.35934	   65.76221
    0.71869	   65.76221
    1.07803	   65.76221
    1.43738	   65.76221
    1.79672	   65.76221
    2.15607	   65.76221
    2.51541	   65.76221
    2.87476	   65.76221
    3.23410	   65.76221
    3.59345	   65.76221
    3.95279	   65.76221
    4.31214	   65.76221
    4.67148	   65.76221
    5.03082	   65.76221
    5.39017	   65.76221
    5.74951	   65.76221
    6.10886	   65.76221
    6.46820	   65.76221
    6.82755	   65.76221
    7.18689	   65.76221
    7.54624	   65.76221
    7.90558	   65.76221
    8.26493	   65.76221
    8.62427	   65.76221
    8.98362	   65.76221
    9.34296	   65.76221
    9.70230	   65.76221
   10.06165	   65.76221
   10.42099	   65.76221
   10.78034	   65.76221
   11.13968	   65.76221
   11.49903	   65.76221
   11.85837	   65.76221
   12.21772	   65.76221
   12.57706	   65.76221
   12.93641	   65.76221
   13.29575	   65.76221
   13.65510	   65.76221
   14.01444	   65.76221
   14.37379	   65.76221
   14.73313	   65.76221
   15.09247	   65.76221
   15.45182	   65.76221
   15.81116	   65.76221
   16.17051	   65.76221
   16.52985	   65.76221
   16.88920	   65.76221
   17.24854	   65.76221
   17.60789	   65.76221
   17.96723	   65.76221
   18.32658	   65.76221
   18.68592	   65.76221
   19.04527	   65.76221
   19.40461	   65.76221
   19.76395	   65.76221
   20.12330	   65.76221
   20.48264	   65.76221
   20.84199	   65.76221
   21.20133	   65.76221
   21.56068	   65.76221
   21.92002	   65.76221
   22.27937	   65.76221
   22.63871	   65.76221
   22.99806	   65.76221
   23.35740	   65.76221
   23.71675	   65.76221
   24.07609	   65.76221
   24.43543	   65.76221
   24.79478	   65.76221
   25.15412	   65.76221
   25.51347	   65.76221
   25.87281	   65.76221
   26.23216	   65.76221
   26.59150	   65.76221
   26.95085	   65.76221
   27.31019	   65.76221
   27.66954	   65.76221
   28.02888	   65.76221
   28.38823	   65.76221
   28.74757	   65.76221
   29.10691	   65.76221
   29.46626	   65.76221
   29.82560	   65.76221
   30.18495	   65.76221
   30.54429	   65.76221
   30.90364	   65.76221
   31.26298	   65.76221
   31.62233	   65.76221
   31.98167	   65.76221
   32.34102	   65.76221
   32.70036	   65.76221
   33.05971	   65.76221
   33.41905	   65.76221
   33.77839	   65.76221
   34.13774	   65.76221
   34.49708	   65.76221
   34.85643	   65.76221
   35.21577	   65.76221
   35.57512	   65.76221
   35.93446	   65.76221
   36.29381	   65.76221
   36.65315	   65.76221
   37.01250	   65.76221
   37.37184	   65.76221
   37.73119	   65.76221
   38.09053	   65.76221
   38.44987	   65.76221
   38.80922	   65.76221
   39.16856	   65.76221
   39.52791	   65.76221
   39.88725	   65.76221
   40.24660	   65.76221
   40.60594	   65.76221
   40.96529	   65.76221
   41.32463	   65.76221
   41.68398	   65.76221
   42.04332	   65.76221
   42.40267	   65.76221
   42.76201	   65.76221
   43.12136	   65.76221
   43.48070	   65.76221
   43.84004	   65.76221
   44.19939	   65.76221
   44.55873	   65.76221
   44.91808	   65.76221
   45.27742	   65.76221
   45.63677	   65.76221
   45.99611	   65.76221
   46.35546	   65.76221
   46.71480	   65.76221
   47.07415	   65.76221
   47.43349	   65.76221
   47.79284	   65.76221
   48.15218	   65.76221
   48.51152	   65.76221
   48.87087	   65.76221
   49.23021	   65.76221
   49.58956	   65.76221
   49.94890	   65.76221
   50.30825	   65.76221
   50.66759	   65.76221
   51.02694	   65.76221
   51.38628	   65.76221
   51.74563	   65.76221
   52.10497	   65.76221
   52.46432	   65.76221
   52.82366	   65.76221
   53.18300	   65.76221
   53.54235	   65.76221
   53.90169	   65.76221
   54.26104	   65.76221
   54.62038	   65.76221
   54.97973	   65.76221
   55.33907	   65.76221
   55.69842	   65.76221
   56.05776	   65.76221
   56.41711	   65.76221
   56.77645	   65.76221
   57.13580	   65.76221
   57.49514	   65.76221
   57.85448	   65.76221
   58.21383	   65.76221
   58.57317	   65.76221
   58.93252	   65.76221
   59.29186	   65.76221
   59.65121	   65.76221
   60.01055	   65.76221
   60.36990	   65.76221
   60.72924	   65.76221
   61.08859	   65.76221
   61.44793	   65.76221
   61.80728	   65.76221
   62.16662	   65.76221
   62.52596	   65.76221
   62.88531	   65.76221
   63.24465	   65.76221
   63.60400	   65.76221
   63.96334	   65.76221
   64.32269	   65.76221
   64.68203	   65.76221
   65.04138	   65.76221
   65.40072	   65.76221
   65.76007	   65.76221
   66.11941	   65.76221
   66.47876	   65.76221
   66.83810	   65.76221
   67.19745	   65.76221
   67.55679	   65.76221
   67.91613	   65.76221
   68.27548	   65.76221
   68.63482	   65.76221
   68.99417	   65.76221
   69.35351	   65.76221
   69.71286	   65.76221
   70.07220	   65.76221
   70.43155	   65.76221
   70.79089	   65.76221
   71.15024	   65.76221
   71.50958	   65.76221
   71.86893	   65.76221
   72.22827	   65.76221
   72.58761	   65.76221
   72.94696	   65.76193
   73.30630	   65.76071
   73.66565	   65.75853
   74.02499	   65.75539
   74.38434	   65.75129
   74.74368	   65.74622
   75.10303	   65.74018
   75.46237	   65.73319
   75.82172	   65.72523
   76.18106	   65.71630
   76.54041	   65.70641
   76.89975	   65.69555
   77.25909	   65.68373
   77.61844	   65.67095
   77.97778	   65.65720
   78.33713	   65.64248
   78.69647	   65.62680
   79.05582	   65.61015
   79.41516	   65.59254
   79.77451	   65.57395
   80.13385	   65.55440
   80.49320	   65.53389
   80.85254	   65.51240
   81.21189	   65.48994
   81.57123	   65.46652
   81.93057	   65.44212
   82.28992	   65.41676
   82.64926	   65.39042
   83.00861	   65.36312
   83.36795	   65.33484
   83.72730	   65.30558
   84.08664	   65.27536
   84.44599	   65.24416
   84.80533	   65.21198
   85.16468	   65.17883
   85.52402	   65.14471
   85.88337	   65.10960
   86.24271	   65.07352
   86.60205	   65.03646
   86.96140	   64.99842
   87.32074	   64.95941
   87.68009	   64.91941
   88.03943	   64.87842
   88.39878	   64.83646
   88.75812	   64.79351
   89.11747	   64.74958
   89.47681	   64.70466
   89.83616	   64.65875
   90.19550	   64.61186
   90.55485	   64.56398
   90.91419	   64.51511
   91.27353	   64.46525
   91.63288	   64.41439
   91.99222	   64.36254
   92.35157	   64.30970
   92.71091	   64.25586
   93.07026	   64.20103
   93.42960	   64.14520
   93.78895	   64.08837
   94.14829	   64.03054
   94.50764	   63.97170
   94.86698	   63.91187
   95.22633	   63.85102
   95.58567	   63.78918
   95.94502	   63.72632
   96.30436	   63.66246
   96.66370	   63.59759
   97.02305	   63.53170
   97.38239	   63.46480
   97.74174	   63.39689
   98.10108	   63.32796
   98.46043	   63.25801
   98.81977	   63.18705
   99.17912	   63.11506
   99.53846	   63.04205
   99.89781	   62.96801
  100.25715	   62.89295
  100.61650	   62.81686
  100.97584	   62.73974
  101.33518	   62.66159
  101.69453	   62.58240
  102.05387	   62.50218
  102.41322	   62.42092
  102.77256	   62.33862
  103.13191	   62.25529
  103.49125	   62.17090
  103.85060	   62.08548
  104.20994	   61.99900
  104.56929	   61.91148
  104.92863	   61.82290
  105.28798	   61.73327
  105.64732	   61.64259
  106.00666	   61.55084
  106.36601	   61.45804
  106.72535	   61.36417
  107.08470	   61.26924
  107.44404	   61.17325
  107.80339	   61.07618
  108.16273	   60.97804
  108.52208	   60.87882
  108.88142	   60.77853
  109.24077	   60.67716
  109.60011	   60.57471
  109.95946	   60.47117
  110.31880	   60.36654
  110.67814	   60.26083
  111.03749	   60.15402
  111.39683	   60.04612
  111.75618	   59.93712
  112.11552	   59.82702
  112.47487	   59.71581
  112.83421	   59.60350
  113.19356	   59.49008
  113.55290	   59.37555
  113.91225	   59.25990
  114.27159	   59.14313
  114.63094	   59.02524
  114.99028	   58.90622
  115.34962	   58.78608
  115.70897	   58.66481
  116.06831	   58.54240
  116.42766	   58.41886
  116.78700	   58.29417
  117.14635	   58.16834
  117.50569	   58.04136
  117.86504	   57.91323
  118.22438	   57.78395
  118.58373	   57.65351
  118.94307	   57.52190
  119.30242	   57.38913
  119.66176	   57.25519
  120.02111	   57.12008
  120.38045	   56.98379
  120.73979	   56.84633
  121.09914	   56.70767
  121.45848	   56.56783
  121.81783	   56.42679
  122.17717	   56.28456
  122.53652	   56.14113
  122.89586	   55.99650
  123.25521	   55.85065
  123.61455	   55.70359
  123.97390	   55.55532
  124.33324	   55.40582
  124.69259	   55.25509
  125.05193	   55.10314
  125.41127	   54.94995
  125.77062	   54.79552
  126.12996	   54.63984
  126.48931	   54.48292
  126.84865	   54.32474
  127.20800	   54.16530
  127.56734	   54.00460
  127.92669	   53.84262
  128.28603	   53.67938
  128.64538	   53.51485
  129.00472	   53.34904
  129.36407	   53.18195
  129.72341	   53.01355
  130.08275	   52.84386
  130.44210	   52.67286
  130.80144	   52.50055
  131.16079	   52.32692
  131.52013	   52.15197
  131.87948	   51.97569
  132.23882	   51.79807
  132.59817	   51.61912
  132.95751	   51.43882
  133.31686	   51.25716
  133.67620	   51.07415
  134.03555	   50.88978
  134.39489	   50.70403
  134.75423	   50.51690
  135.11358	   50.32839
  135.47292	   50.13849
  135.83227	   49.94719
  136.19161	   49.75449
  136.55096	   49.56038
  136.91030	   49.36485
  137.26965	   49.16789
  137.62899	   48.96950
  137.98834	   48.76967
  138.34768	   48.56840
  138.70703	   48.36567
  139.06637	   48.16148
  139.42571	   47.95581
  139.78506	   47.74873
  140.14440	   47.54126
  140.50375	   47.33380
  140.86309	   47.12633
  141.22244	   46.91886
  141.58178	   46.71139
  141.94113	   46.50393
  142.30047	   46.29646
  142.65982	   46.08899
  143.01916	   45.88152
  143.37851	   45.67406
  143.73785	   45.46659
  144.09720	   45.25912
  144.45654	   45.05165
  144.81588	   44.84418
  145.17523	   44.63672
  145.53457	   44.42925
  145.89392	   44.22178
  146.25326	   44.01431
  146.61261	   43.80685
  146.97195	   43.59938
  147.33130	   43.39191
  147.69064	   43.18444
  148.04999	   42.97698
  148.40933	   42.76951
  148.76868	   42.56204
  149.12802	   42.35457
  149.48736	   42.14710
  149.84671	   41.93964
  150.20605	   41.73217
  150.56540	   41.52470
  150.92474	   41.31723
  151.28409	   41.10977
  151.64343	   40.90230
  152.00278	   40.69483
  152.36212	   40.48736
  152.72147	   40.27989
  153.08081	   40.07243
  153.44016	   39.86496
  153.79950	   39.65749
  154.15884	   39.45002
  154.51819	   39.24256
  154.87753	   39.03509
  155.23688	   38.82762
  155.59622	   38.62015
  155.95557	   38.41269
  156.31491	   38.20522
  156.67426	   37.99775
  157.03360	   37.79028
  157.39295	   37.58281
  157.75229	   37.37535
  158.11164	   37.16788
  158.47098	   36.96041
  158.83032	   36.75294
  159.18967	   36.54548
  159.54901	   36.33801
  159.90836	   36.13054
  160.26770	   35.92307
  160.62705	   35.71561
  160.98639	   35.50814
  161.34574	   35.30067
  161.70508	   35.09320
  162.06443	   34.88573
  162.42377	   34.67827
  162.78312	   34.47080
  163.14246	   34.26333
  163.50180	   34.05586
  163.86115	   33.84840
  164.22049	   33.64093
  164.57984	   33.43346
  164.93918	   33.22599
  165.29853	   33.01852
  165.65787	   32.81106
  166.01722	   32.60359
  166.37656	   32.39612
  166.73591	   32.18865
  167.09525	   31.98119
  167.45460	   31.77372
  167.81394	   31.56625
  168.17328	   31.35878
  168.53263	   31.15132
  168.89197	   30.94385
  169.25132	   30.73638
  169.61066	   30.52891
  169.97001	   30.32144
  170.32935	   30.11398
  170.68870	   29.90651
  171.04804	   29.70046
  171.40739	   29.49948
  171.76673	   29.30366
  172.12608	   29.11292
  172.48542	   28.92715
  172.84477	   28.74629
  173.20411	   28.57024
  173.56345	   28.39894
  173.92280	   28.23232
  174.28214	   28.07030
  174.64149	   27.91282
  175.00083	   27.75981
  175.36018	   27.61123
  175.71952	   27.46700
  176.07887	   27.32708
  176.43821	   27.19142
  176.79756	   27.05996
  177.15690	   26.93266
  177.51625	   26.80947
  177.87559	   26.69036
  178.23493	   26.57527
  178.59428	   26.46417
  178.95362	   26.35703
  179.31297	   26.25380
  179.67231	   26.15446
  180.03166	   26.05897
  180.39100	   25.96731
  180.75035	   25.87943
  181.10969	   25.79533
  181.46904	   25.71496
  181.82838	   25.63830
  182.18773	   25.56534
  182.54707	   25.49604
  182.90641	   25.43039
  183.26576	   25.36838
  183.62510	   25.30997
  183.98445	   25.25515
  184.34379	   25.20392
  184.70314	   25.15624
  185.06248	   25.11211
  185.42183	   25.07152
  185.78117	   25.03446
  186.14052	   25.00090
  186.49986	   24.97086
  186.85921	   24.94430
  187.21855	   24.92124
  187.57789	   24.90166
  187.93724	   24.88555
  188.29658	   24.87292
  188.65593	   24.86375
  189.01527	   24.85805
  189.37462	   24.85581
  189.42695	   24.85578
  189.78629	   24.86258
  190.14564	   24.88302
  190.50498	   24.91718
  190.86433	   24.96521
  191.22367	   25.02732
  191.58302	   25.10381
  191.94236	   25.19503
  192.30171	   25.30143
  192.66105	   25.42354
  193.02039	   25.56203
  193.37974	   25.71329
  193.73908	   25.86528
  194.09843	   26.01689
  194.45777	   26.16826
  194.81712	   26.31928
  195.17646	   26.47002
  195.53581	   26.62046
  195.89515	   26.77056
  196.25450	   26.92043
  196.61384	   27.06990
  196.97319	   27.21920
  197.33253	   27.36804
  197.69187	   27.51676
  198.05122	   27.66498
  198.41056	   27.81314
  198.76991	   27.96073
  199.12925	   28.10832
  199.48860	   28.25529
  199.84794	   28.40226
  200.20729	   28.54867
  200.56663	   28.69502
  200.92598	   28.84086
  201.28532	   28.98659
  201.64467	   29.13188
  202.00401	   29.27699
  202.36335	   29.42173
  202.72270	   29.56622
  203.08204	   29.71040
  203.44139	   29.85428
  203.80073	   29.99792
  204.16008	   30.14118
  204.51942	   30.28427
  204.87877	   30.42693
  205.23811	   30.56947
  205.59746	   30.71152
  205.95680	   30.85352
  206.31615	   30.99496
  206.67549	   31.13639
  207.03484	   31.27725
  207.39418	   31.41807
  207.75352	   31.55840
  208.11287	   31.69862
  208.47221	   31.83841
  208.83156	   31.97803
  209.19090	   32.11730
  209.55025	   32.25630
  209.90959	   32.39505
  210.26894	   32.53345
  210.62828	   32.67167
  210.98763	   32.80948
  211.34697	   32.94718
  211.70632	   33.08438
  212.06566	   33.22156
  212.42500	   33.35817
  212.78435	   33.49478
  213.14369	   33.63085
  213.50304	   33.76686
  213.86238	   33.90241
  214.22173	   34.03783
  214.58107	   34.17288
  214.94042	   34.30770
  215.29976	   34.44224
  215.65911	   34.57647
  216.01845	   34.71050
  216.37780	   34.84414
  216.73714	   34.97768
  217.09648	   35.11073
  217.45583	   35.24376
  217.81517	   35.37622
  218.17452	   35.50868
  218.53386	   35.64063
  218.89321	   35.77251
  219.25255	   35.90396
  219.61190	   36.03525
  219.97124	   36.16622
  220.33059	   36.29692
  220.68993	   36.42740
  221.04928	   36.55752
  221.40862	   36.68751
  221.76796	   36.81705
  222.12731	   36.94656
  222.48665	   37.07552
  222.84600	   37.20448
  223.20534	   37.33293
  223.56469	   37.46131
  223.92403	   37.58928
  224.28338	   37.71708
  224.64272	   37.84458
  225.00207	   37.97180
  225.36141	   38.09883
  225.72076	   38.22548
  226.08010	   38.35203
  226.43944	   38.47811
  226.79879	   38.60418
  227.15813	   38.72970
  227.51748	   38.85520
  227.87682	   38.98025
  228.23617	   39.10518
  228.59551	   39.22977
  228.95486	   39.35413
  229.31420	   39.47826
  229.67355	   39.60205
  230.03289	   39.72572
  230.39224	   39.84895
  230.75158	   39.97216
  231.11092	   40.09482
  231.47027	   40.21748
  231.82961	   40.33968
  232.18896	   40.46178
  232.54830	   40.58352
  232.90765	   40.70505
  233.26699	   40.82635
  233.62634	   40.94732
  233.98568	   41.06817
  234.34503	   41.18858
  234.70437	   41.30899
  235.06372	   41.42884
  235.42306	   41.54869
  235.78241	   41.66810
  236.14175	   41.78740
  236.50109	   41.90636
  236.86044	   42.02510
  237.21978	   42.14363
  237.57913	   42.26182
  237.93847	   42.37992
  238.29782	   42.49754
  238.65716	   42.61517
  239.01651	   42.73229
  239.37585	   42.84936
  239.73520	   42.96605
  240.09454	   43.08257
  240.45389	   43.19883
  240.81323	   43.31480
  241.17257	   43.43063
  241.53192	   43.54606
  241.89126	   43.66147
  242.25061	   43.77635
  242.60995	   43.89122
  242.96930	   44.00567
  243.32864	   44.11999
  243.68799	   44.23402
  244.04733	   44.34781
  244.40668	   44.46142
  244.76602	   44.57466
  245.12537	   44.68786
  245.48471	   44.80055
  245.84405	   44.91325
  246.20340	   45.02550
  246.56274	   45.13765
  246.92209	   45.24949
  247.28143	   45.36110
  247.64078	   45.47254
  248.00012	   45.58361
  248.35947	   45.69464
  248.71881	   45.80517
  249.07816	   45.91571
  249.43750	   46.02580
  249.79685	   46.13580
  250.15619	   46.24549
  250.51553	   46.35495
  250.87488	   46.46425
  251.23422	   46.57317
  251.59357	   46.68207
  251.95291	   46.79047
  252.31226	   46.89886
  252.67160	   47.00684
  253.03095	   47.11470
  253.39029	   47.22228
  253.74964	   47.32961
  254.10898	   47.43681
  254.46833	   47.54361
  254.82767	   47.65041
  255.18701	   47.75669
  255.54636	   47.86296
  255.90570	   47.96886
  256.26505	   48.07460
  256.62439	   48.18012
  256.98374	   48.28534
  257.34308	   48.39048
  257.70243	   48.49517
  258.06177	   48.59986
  258.42112	   48.70410
  258.78046	   48.80826
  259.13981	   48.91213
  259.49915	   49.01577
  259.85850	   49.11926
  260.21784	   49.22238
  260.57718	   49.32550
  260.93653	   49.42810
  261.29587	   49.53070
  261.65522	   49.63293
  262.01456	   49.73501
  262.37391	   49.83687
  262.73325	   49.93844
  263.09260	   50.03994
  263.45194	   50.14098
  263.81129	   50.24203
  264.17063	   50.34265
  264.52998	   50.44318
  264.88932	   50.54344
  265.24866	   50.64345
  265.60801	   50.74335
  265.96735	   50.84285
  266.32670	   50.94235
  266.68604	   51.04138
  267.04539	   51.14037
  267.40473	   51.23905
  267.76408	   51.33753
  268.12342	   51.43585
  268.48277	   51.53382
  268.84211	   51.63178
  269.20146	   51.72925
  269.56080	   51.82670
  269.92014	   51.92382
  270.27949	   52.02077
  270.63883	   52.11754
  270.99818	   52.21398
  271.35752	   52.31041
  271.71687	   52.40635
  272.07621	   52.50228
  272.43556	   52.59786
  272.79490	   52.69329
  273.15425	   52.78853
  273.51359	   52.88346
  273.87294	   52.97836
  274.23228	   53.07278
  274.59162	   53.16720
  274.95097	   53.26127
  275.31031	   53.35519
  275.66966	   53.44892
  276.02900	   53.54234
  276.38835	   53.63574
  276.74769	   53.72866
  277.10704	   53.82158
  277.46638	   53.91415
  277.82573	   54.00657
  278.18507	   54.09881
  278.54442	   54.19074
  278.90376	   54.28265
  279.26310	   54.37408
  279.62245	   54.46551
  279.98179	   54.55660
  280.34114	   54.64753
  280.70048	   54.73831
  281.05983	   54.82875
  281.41917	   54.91918
  281.77852	   55.00914
  282.13786	   55.09909
  282.49721	   55.18873
  282.85655	   55.27818
  283.21590	   55.36751
  283.57524	   55.45647
  283.93458	   55.54543
  284.29393	   55.63395
  284.65327	   55.72242
  285.01262	   55.81063
  285.37196	   55.89861
  285.73131	   55.98651
  286.09065	   56.07400
  286.45000	   56.16149
  286.80934	   56.24859
  287.16869	   56.33560
  287.52803	   56.42239
  287.88738	   56.50891
  288.24672	   56.59541
  288.60607	   56.68144
  288.96541	   56.76747
  289.32475	   56.85318
  289.68410	   56.93872
  290.04344	   57.02413
  290.40279	   57.10919
  290.76213	   57.19426
  291.12148	   57.27888
  291.48082	   57.36347
  291.84017	   57.44779
  292.19951	   57.53189
  292.55886	   57.61592
  292.91820	   57.69954
  293.27755	   57.78317
  293.63689	   57.86642
  293.99623	   57.94957
  294.35558	   58.03253
  294.71492	   58.11520
  295.07427	   58.19786
  295.43361	   58.28006
  295.79296	   58.36225
  296.15230	   58.44416
  296.51165	   58.52587
  296.87099	   58.60749
  297.23034	   58.68873
  297.58968	   58.76997
  297.94903	   58.85083
  298.30837	   58.93159
  298.66771	   59.01217
  299.02706	   59.09247
  299.38640	   59.17276
  299.74575	   59.25258
  300.10509	   59.33240
  300.46444	   59.41195
  300.82378	   59.49130
  301.18313	   59.57057
  301.54247	   59.64944
  301.90182	   59.72832
  302.26116	   59.80685
  302.62051	   59.88526
  302.97985	   59.96351
  303.33919	   60.04145
  303.69854	   60.11939
  304.05788	   60.19690
  304.41723	   60.27437
  304.77657	   60.35161
  305.13592	   60.42862
  305.49526	   60.50559
  305.85461	   60.58213
  306.21395	   60.65868
  306.57330	   60.73491
  306.93264	   60.81099
  307.29199	   60.88696
  307.65133	   60.96258
  308.01067	   61.03820
  308.37002	   61.11344
  308.72936	   61.18860
  309.08871	   61.26358
  309.44805	   61.33827
  309.80740	   61.41296
  310.16674	   61.48723
  310.52609	   61.56146
  310.88543	   61.63546
  311.24478	   61.70923
  311.60412	   61.78298
  311.96347	   61.85630
  312.32281	   61.92961
  312.68216	   62.00264
  313.04150	   62.07550
  313.40084	   62.14828
  313.76019	   62.22068
  314.11953	   62.29308
  314.47888	   62.36515
  314.83822	   62.43709
  315.19757	   62.50892
  315.55691	   62.58041
  315.91626	   62.65190
  316.27560	   62.72301
  316.63495	   62.79405
  316.99429	   62.86492
  317.35364	   62.93550
  317.71298	   63.00609
  318.07232	   63.07626
  318.43167	   63.14639
  318.79101	   63.21632
  319.15036	   63.28600
  319.50970	   63.35568
  319.86905	   63.42492
  320.22839	   63.49415
  320.58774	   63.56315
  320.94708	   63.63193
  321.30643	   63.70069
  321.66577	   63.76902
  322.02512	   63.83735
  322.38446	   63.90542
  322.74380	   63.97331
  323.10315	   64.04115
  323.46249	   64.10858
  323.82184	   64.17602
  324.18118	   64.24318
  324.54053	   64.31017
  324.89987	   64.37710
  325.25922	   64.44365
  325.61856	   64.51020
  325.97791	   64.57644
  326.33725	   64.64255
  326.69660	   64.70857
  327.05594	   64.77423
  327.41528	   64.83989
  327.77463	   64.90524
  328.13397	   64.97046
  328.49332	   65.03559
  328.85266	   65.10037
  329.21201	   65.16515
  329.57135	   65.22960
  329.93070	   65.29394
  330.29004	   65.35818
  330.64939	   65.42208
  331.00873	   65.48598
  331.36808	   65.54955
  331.72742	   65.61301
  332.08676	   65.67637
  332.44611	   65.73939
  332.80545	   65.80242
  333.16480	   65.86512
  333.52414	   65.92770
  333.88349	   65.99019
  334.24283	   66.05234
  334.60218	   66.11449
  334.96152	   66.17632
  335.32087	   66.23804
  335.68021	   66.29966
  336.03956	   66.36094
  336.39890	   66.42222
  336.75824	   66.48319
  337.11759	   66.54404
  337.47693	   66.60481
  337.83628	   66.66522
  338.19562	   66.72564
  338.55497	   66.78576
  338.91431	   66.84575
  339.27366	   66.90566
  339.63300	   66.96521
  339.99235	   67.02477
  340.35169	   67.08404
  340.71104	   67.14317
  341.07038	   67.20224
  341.42973	   67.26094
  341.78907	   67.31964
  342.14841	   67.37807
  342.50776	   67.43634
  342.86710	   67.49458
  343.22645	   67.55242
  343.58579	   67.61026
  343.94514	   67.66787
  344.30448	   67.72529
  344.66383	   67.78270
  345.02317	   67.83969
  345.38252	   67.89668
  345.74186	   67.95347
  346.10121	   68.01003
  346.46055	   68.06660
  346.81989	   68.12277
  347.17924	   68.17891
  347.53858	   68.23488
  347.89793	   68.29060
  348.25727	   68.34632
  348.61662	   68.40168
  348.97596	   68.45698
  349.33531	   68.51214
  349.69465	   68.56702
  350.05400	   68.62189
  350.41334	   68.67645
  350.77269	   68.73090
  351.13203	   68.78527
  351.49137	   68.83931
  351.85072	   68.89334
  352.21006	   68.94710
  352.56941	   69.00072
  352.92875	   69.05429
  353.28810	   69.10749
  353.64744	   69.16069
  354.00679	   69.21366
  354.36613	   69.26645
  354.72548	   69.31923
  355.08482	   69.37160
  355.44417	   69.42397
  355.80351	   69.47616
  356.16285	   69.52811
  356.52220	   69.58006
  356.88154	   69.63165
  357.24089	   69.68319
  357.60023	   69.73460
  357.95958	   69.78572
  358.31892	   69.83685
  358.67827	   69.88767
  359.03761	   69.93838
  359.34463	   69.98170
